Shape: (2954, 14)
Columns: ['AGE', 'Gender', 'FPG', 'HbA1c', 'Nocturia', 'Polyuria', 'Weight_loss', 'Vomiting', 'Nausea', 'Polydipsia', 'Polyphagia', 'Headache', 'BMI', 'Outcome']
Missing Values:
AGE            0
Gender         1
FPG            0
HbA1c          0
Nocturia       0
Polyuria       0
Weight_loss    0
Vomiting       0
Nausea         0
Polydipsia     0
Polyphagia     0
Headache       0
BMI            0
Outcome        0
dtype: int64
Target Distribution (Outcome):
Outcome
1    0.660799
0    0.339201
Name: proportion, dtype: float64

Head:
        AGE  Gender       FPG     HbA1c  Nocturia  Polyuria  Weight_loss  Vomiting  Nausea  Polydipsia  Polyphagia  Headache       BMI  Outcome
0  0.177604     0.0 -0.164770 -0.191786         1         1            1         0       0           0           0         0  0.185135        1
1  0.670687     1.0  1.664193  0.632294         0         0            0         0       0           0           0         0  0.380207        1
2  0.572071     0.0 -1.801210 -1.269429         0         0            0         0       0           0           0         0 -1.375443        0
3 -1.794731     0.0  0.075883 -0.128395         0         0            0         0       0           0           0         0  0.185135        1
4  0.078987     1.0 -0.790468 -0.508740         0         0            0         0       0           0           0         0 -1.960660        0
Description:
                AGE       Gender           FPG         HbA1c     Nocturia     Polyuria  Weight_loss     Vomiting       Nausea   Polydipsia   Polyphagia     Headache           BMI      Outcome
count  2.954000e+03  2953.000000  2.954000e+03  2.954000e+03  2954.000000  2954.000000  2954.000000  2954.000000  2954.000000  2954.000000  2954.000000  2954.000000  2.954000e+03  2954.000000
mean  -3.223180e-16     0.530985 -1.046331e-16 -2.916497e-16     0.539269     0.539269     0.539269     0.000677     0.000677     0.000339     0.000339     0.000677 -3.848573e-17     0.660799
std    1.000169e+00     0.499123  1.000169e+00  1.000169e+00     0.498540     0.498540     0.498540     0.026016     0.026016     0.018399     0.018399     0.026016  1.000169e+00     0.473518
min   -4.457384e+00     0.000000 -2.667561e+00 -2.980980e+00     0.000000     0.000000     0.000000     0.000000     0.000000     0.000000     0.000000     0.000000 -3.911383e+00     0.000000
25%   -7.099472e-01     0.000000 -7.423371e-01 -6.989122e-01     0.000000     0.000000     0.000000     0.000000     0.000000     0.000000     0.000000     0.000000 -7.902263e-01     0.000000
50%    1.776036e-01     1.000000  1.240137e-01 -6.500451e-02     1.000000     1.000000     1.000000     0.000000     0.000000     0.000000     0.000000     0.000000  1.851351e-01     1.000000
75%    5.720707e-01     1.000000  6.053196e-01  5.689032e-01     1.000000     1.000000     1.000000     0.000000     0.000000     0.000000     0.000000     0.000000  7.703519e-01     1.000000
max    3.037490e+00     1.000000  4.937073e+00  4.435740e+00     1.000000     1.000000     1.000000     1.000000     1.000000     1.000000     1.000000     1.000000  3.306291e+00     1.000000